16 10065
23 24
58 59
58 1163
58 2747
58 4718
58 19245
64 65
80 15370
84 85
87 23410
98 22784
103 356
103 357
122 123
123 1431
123 7255
125 6899
154 9327
154 9328
154 9329
171 172
171 173
171 12248
172 173
175 1682
175 10910
177 6679
177 12327
186 4410
192 2077
193 8512
193 12126
193 14343
193 14344
197 198
197 199
197 200
197 201
198 199
198 200
198 201
199 200
199 201
200 201
212 213
212 214
213 214
221 222
221 26212
221 26213
221 26214
222 25309
222 26212
222 26213
222 26214
223 21922
233 22368
235 236
236 4933
245 10271
245 12323
250 251
250 252
251 252
269 9378
279 21599
286 313
286 1298
286 3392
286 4853
296 4925
296 5635
296 14325
296 14326
303 5858
303 8695
304 306
305 306
305 5859
306 1213
306 1571
306 1572
306 2409
306 2759
306 2824
306 3455
306 5858
306 5859
306 5860
306 7090
306 7836
306 10633
306 10947
306 10949
306 13063
306 15773
306 15774
306 21079
310 17354
313 1298
313 3392
313 4853
322 24519
325 326
329 330
332 2654
332 7947
333 3472
333 7836
333 21742
342 1884
342 20749
356 357
361 15115
370 371
370 17153
370 24200
370 24201
370 25710
370 28058
370 28291
370 28292
371 17153
371 24200
371 24201
384 8324
384 13784
397 2854
397 6164
397 6165
397 6166
400 401
402 403
417 9224
417 10324
430 431
432 433
475 476
475 1075
475 1076
475 4123
475 6045
475 17226
475 20603
475 26633
476 1075
476 1076
476 4123
476 6045
476 15744
476 26769
477 20342
493 8345
494 992
494 12218
494 26309
494 26310
497 498
498 4034
501 24256
502 14978
502 29277
506 507
509 510
509 26981
509 26982
510 26981
510 26982
514 15206
514 25985
522 6561
522 6562
522 6563
522 6564
525 16403
530 531
530 532
531 532
536 537
537 12877
538 8686
552 635
552 1960
552 15355
552 26431
557 28916
560 2162
560 2163
607 608
607 2879
607 4207
607 19316
607 22223
608 2879
608 4207
608 19316
608 22223
610 17564
632 17192
632 17193
633 634
635 5782
635 21608
636 22271
637 638
640 843
640 6556
651 6244
651 8396
651 8495
651 8496
651 13598
651 15867
651 21422
651 21423
651 21424
651 21425
651 21426
651 21427
651 21428
651 21429
651 21430
651 21431
663 3932
663 4373
663 9840
663 11373
663 16380
663 23386
663 27070
663 27071
663 27072
663 27073
663 27074
663 27075
665 2155
669 9257
670 671
679 9937
679 9938
692 18538
705 5496
705 8680
710 24262
714 14277
723 3427
723 3428
727 728
727 729
728 729
730 731
740 741
744 745
759 3337
759 7523
759 7524
759 7525
759 7526
765 20693
765 25979
766 3113
773 18978
773 21883
788 26515
792 6393
794 3994
794 16295
794 18222
802 803
802 804
802 805
803 804
803 805
804 805
843 6556
852 853
852 854
853 854
875 1258
877 878
880 7917
902 16860
915 9954
921 4148
921 4149
921 11753
923 11359
940 1612
953 14568
953 14569
953 14570
960 14881
977 11451
977 11452
986 14816
989 8981
989 11808
996 997
1001 6974
1006 1007
1026 1027
1038 14509
1064 10595
1064 27161
1068 1717
1068 4261
1068 7880
1068 11461
1068 15735
1075 1076
1075 6045
1076 6045
1076 15744
1076 26633
1078 15166
1078 19747
1084 11027
1084 14711
1084 15467
1084 15468
1088 3390
1092 6640
1103 4759
1104 1105
1115 1116
1124 1859
1124 8053
1124 8512
1124 12126
1124 22644
1142 2264
1142 5286
1142 28171
1151 1152
1159 8356
1159 8357
1164 27125
1165 23859
1167 1168
1167 1169
1168 1169
1170 1171
1175 5481
1183 1184
1211 26616
1213 5858
1213 5859
1213 8943
1213 11723
1214 4756
1219 9238
1220 28695
1221 21375
1225 1226
1225 5047
1225 19138
1226 5047
1226 19138
1229 5112
1229 20937
1229 20938
1232 16425
1237 1238
1237 2334
1252 1253
1257 1258
1257 13322
1258 8354
1258 10788
1263 1264
1263 1265
1264 1265
1270 1271
1289 19233
1298 3392
1298 4853
1301 25878
1306 5227
1309 8261
1314 1547
1317 1318
1330 1633
1342 1343
1342 1789
1353 1488
1355 7822
1355 18086
1356 2680
1356 3706
1356 6971
1356 9994
1356 15051
1399 1400
1408 1409
1424 1425
1428 2779
1428 4060
1450 14199
1475 1476
1475 1477
1475 1478
1476 1477
1476 1478
1477 1478
1481 1482
1488 8625
1488 8626
1496 1497
1503 1504
1538 12822
1538 20145
1538 20146
1539 17746
1543 1544
1546 11742
1567 1568
1571 3455
1571 5858
1571 7836
1600 13214
1600 13215
1603 6418
1605 1606
1608 21157
1614 1615
1618 1619
1631 5404
1636 1637
1638 15637
1654 1655
1654 1656
1654 19797
1655 1656
1665 1666
1669 4021
1678 9256
1682 10910
1688 1689
1699 2744
1699 14049
1699 25595
1704 1705
1704 1706
1704 1707
1704 1708
1704 1709
1704 1710
1704 1711
1704 1712
1705 1706
1705 1707
1705 1708
1705 1709
1705 1710
1705 1711
1705 1712
1706 1707
1706 1708
1706 1709
1706 1710
1706 1711
1706 1712
1707 1708
1707 1709
1707 1710
1707 1711
1707 1712
1708 1709
1708 1710
1708 1711
1708 1712
1709 1710
1709 1711
1709 1712
1710 1711
1710 1712
1711 1712
1713 2520
1713 4339
1713 4340
1713 4341
1713 4342
1713 4343
1713 11438
1713 16386
1713 21391
1716 23697
1717 4261
1717 11461
1731 12029
1752 4716
1752 4717
1757 12738
1766 1767
1795 1892
1797 17478
1797 17479
1804 1805
1804 1806
1804 1807
1805 1806
1805 1807
1806 1807
1817 1818
1848 1849
1853 1854
1855 3985
1859 8053
1859 8512
1859 12126
1859 22644
1864 4001
1864 4002
1864 7449
1864 7450
1864 11594
1864 11997
1864 13524
1864 27955
1864 27956
1875 1876
1882 1884
1883 1884
1884 20749
1886 19034
1887 8220
1907 6330
1907 6331
1907 6332
1911 1912
1914 25327
1914 26836
1945 19592
1945 19593
1960 14762
1960 16606
1960 20528
1965 16499
1971 1972
1980 9426
1980 9427
1988 11673
1991 1992
1998 1999
2004 2005
2004 2006
2005 2006
2009 21734
2016 2017
2016 2018
2017 2018
2021 2022
2021 2023
2021 2024
2021 2026
2021 2027
2021 24884
2022 2023
2022 2024
2022 2025
2022 2026
2022 2027
2022 24884
2023 2024
2023 2026
2023 2027
2024 2026
2024 2027
2024 24884
2025 2026
2025 2027
2025 24883
2025 24884
2026 2027
2026 24883
2026 24884
2026 28122
2027 24884
2027 28122
2043 11911
2052 16363
2056 2057
2056 2058
2057 2058
2069 23118
2077 12600
2077 15217
2080 19252
2090 2463
2095 2096
2095 2097
2095 2098
2096 2097
2096 2098
2097 2098
2101 3798
2126 13242
2136 11706
2136 12055
2143 8815
2158 17824
2158 20561
2162 2163
2169 15424
2175 9628
2184 3248
2195 12688
2195 12689
2219 14554
2236 7600
2243 26518
2250 23505
2268 2269
2269 20126
2274 4711
2303 7752
2331 2332
2367 2372
2367 2373
2367 2374
2368 2370
2368 2372
2368 2373
2369 2373
2369 2374
2369 7298
2369 18425
2369 18427
2370 2372
2370 2373
2370 2374
2371 2372
2371 2373
2371 2374
2372 2373
2372 2374
2373 2374
2373 7298
2373 18425
2373 18427
2373 22334
2377 2378
2382 2383
2382 2384
2382 14519
2383 2384
2383 14519
2383 18707
2383 18708
2384 14519
2403 8688
2405 25227
2409 5859
2409 14697
2409 17971
2409 17972
2411 2412
2421 10341
2433 2434
2474 5945
2491 23301
2491 25561
2494 7757
2502 9885
2512 15430
2520 4339
2520 4340
2520 4341
2520 4342
2520 4343
2520 4583
2520 11317
2520 14817
2520 18141
2524 25515
2526 5088
2543 2544
2549 28689
2562 11659
2562 11660
2562 15609
2570 15004
2570 26161
2570 26162
2571 3746
2571 11194
2571 25381
2577 2578
2577 6236
2579 11026
2579 18713
2579 26875
2593 5121
2593 6221
2593 11921
2593 11922
2593 11923
2616 2617
2619 2620
2643 10276
2643 12633
2651 17269
2651 25114
2654 7947
2684 2685
2687 2688
2694 2695
2697 12369
2704 7636
2704 7637
2704 7640
2708 2709
2709 2918
2725 15751
2725 23413
2744 6541
2744 14049
2744 25595
2745 7830
2746 7195
2746 8580
2746 8674
2746 9394
2746 18592
2746 21387
2746 21544
2746 23225
2746 25749
2746 25750
2746 25751
2746 25752
2746 25753
2752 2753
2760 7836
2764 12197
2764 23451
2771 2772
2772 10543
2772 10544
2772 17035
2772 25711
2773 13115
2779 4060
2783 8241
2790 6526
2802 2803
2802 2804
2803 2804
2808 2809
2824 3455
2824 5858
2824 5859
2824 7836
2824 10947
2824 11120
2824 14697
2824 15352
2829 6654
2835 4693
2835 11501
2842 8802
2842 12714
2847 2848
2847 2849
2848 2849
2854 6164
2854 6165
2854 6166
2877 2878
2893 11083
2893 14540
2893 16099
2900 22798
2905 2906
2906 6218
2912 2913
2912 2914
2912 2915
2913 2914
2913 2915
2914 2915
2938 7174
2946 9265
2957 2958
2961 19523
2961 29258
2989 17984
3003 3004
3003 3005
3004 3005
3026 3027
3026 3028
3027 3028
3032 7613
3032 8175
3057 12786
3060 13897
3060 13898
3060 13900
3072 3073
3078 24550
3078 24551
3082 3083
3090 24043
3105 19887
3108 7768
3108 11447
3108 11504
3108 11506
3108 11507
3108 11508
3108 11509
3108 11510
3108 11511
3108 11512
3108 11513
3108 11514
3108 11515
3110 11154
3110 12111
3114 21583
3128 8242
3137 4348
3137 4349
3137 4350
3139 7571
3161 3729
3161 7345
3168 28668
3173 15235
3193 4647
3193 15662
3200 3201
3200 3202
3201 3202
3215 10139
3215 17814
3215 17879
3215 21637
3221 18174
3221 18175
3223 11621
3247 3248
3250 3251
3250 8201
3251 8201
3256 3257
3256 3258
3256 3259
3256 9486
3256 23661
3256 23662
3257 3258
3257 3259
3258 3259
3282 3283
3324 6510
3334 3335
3335 28694
3337 7523
3337 7524
3337 7525
3337 7526
3351 6334
3352 22929
3362 3363
3362 3364
3363 3364
3369 3370
3387 3388
3387 3389
3388 3389
3392 4853
3396 3397
3400 3401
3400 4076
3400 4077
3400 8651
3400 11895
3400 12053
3400 19757
3400 22561
3400 27937
3400 29123
3400 29145
3401 4076
3401 4077
3401 8651
3401 12053
3401 19757
3401 22561
3401 29123
3401 29145
3413 3414
3417 26349
3417 28488
3427 3428
3438 3439
3438 3440
3439 3440
3455 5858
3456 5866
3460 22932
3460 27313
3463 10924
3463 10925
3463 10927
3471 16136
3480 4398
3480 11572
3480 12647
3480 12717
3480 16258
3480 18442
3480 19107
3480 19183
3480 19898
3480 23298
3480 23299
3487 4407
3487 4408
3498 14405
3502 3503
3504 3505
3515 3516
3551 7620
3554 3555
3595 3596
3595 3597
3596 3597
3600 13328
3616 16133
3650 15868
3660 5408
3683 3684
3706 6971
3706 9994
3706 15051
3740 16197
3746 11194
3762 3763
3787 11672
3797 22556
3807 3808
3826 22855
3834 3835
3834 3836
3834 16601
3835 3836
3864 3865
3878 3879
3894 3895
3894 8374
3895 8374
3907 14179
3907 14180
3907 14181
3907 14182
3909 3910
3932 11373
3945 21141
3949 13349
3959 3960
3963 5318
3963 23845
3963 24654
3975 24353
3987 26933
3992 21768
3992 23795
3992 23796
3992 28813
3994 16295
3994 18222
3995 9532
3999 6569
3999 10590
3999 14329
3999 17074
3999 17976
4001 4002
4001 7449
4001 7450
4001 11997
4002 7449
4002 7450
4002 11997
4008 4080
4008 4081
4011 6119
4011 6120
4011 6122
4011 18334
4017 24743
4020 13989
4021 4022
4021 7218
4022 7218
4027 4028
4035 21511
4037 4057
4037 23275
4050 4051
4053 4054
4057 6825
4057 23275
4057 26056
4063 13840
4063 15683
4071 5540
4071 17236
4071 17237
4071 17238
4071 27459
4075 4239
4076 4077
4076 12053
4077 8651
4077 12053
4077 19757
4077 22561
4077 27937
4077 29123
4080 4081
4084 17044
4084 23948
4093 11728
4093 17792
4093 21813
4100 4101
4105 5568
4130 4131
4131 4132
4131 4133
4131 4855
4131 6103
4131 14075
4131 17968
4131 19958
4131 21709
4131 21710
4131 21747
4131 21748
4131 26609
4131 28399
4131 28400
4131 28565
4133 28400
4142 7522
4148 4149
4148 11753
4149 11753
4162 15786
4162 23676
4163 4164
4165 21867
4165 21868
4167 4168
4174 4175
4174 18263
4174 18264
4175 18263
4175 18264
4195 6131
4224 8949
4232 13495
4239 13888
4249 19208
4249 21679
4261 11461
4266 4267
4277 28773
4279 10440
4284 27352
4290 28307
4300 9333
4300 20890
4300 21244
4300 27996
4302 26513
4339 4340
4339 4341
4339 4342
4339 4343
4339 11438
4339 15206
4339 16386
4339 21391
4340 4341
4340 4342
4340 4343
4340 11438
4340 16386
4340 21391
4341 4342
4341 4343
4341 11438
4341 16386
4341 21391
4342 4343
4342 11438
4342 16386
4342 21391
4343 11438
4343 16386
4343 21391
4348 4349
4348 4350
4349 4350
4354 21111
4358 10677
4358 15384
4358 15385
4361 16418
4361 16419
4365 19003
4373 9840
4373 16380
4373 23386
4373 27070
4373 27071
4373 27072
4373 27073
4373 27074
4373 27075
4394 7752
4394 7753
4398 11572
4398 12647
4398 12717
4398 16258
4398 18442
4398 19107
4398 19183
4398 19898
4398 23298
4398 23299
4402 6815
4402 15967
4407 4408
4416 13779
4424 4425
4430 6921
4432 26661
4438 4439
4438 4440
4439 4440
4450 20718
4452 16312
4455 13071
4464 4465
4464 4466
4465 4466
4468 4617
4475 7144
4475 26574
4491 4492
4491 4493
4492 4493
4501 4502
4561 9535
4561 13238
4583 7020
4588 4589
4598 15272
4613 4614
4613 4615
4614 4615
4624 27564
4624 27565
4624 27566
4636 8387
4639 4640
4639 4641
4640 4641
4665 4666
4685 19621
4693 11501
4711 8158
4715 4716
4715 4717
4716 4717
4716 6475
4716 12430
4717 6475
4717 12430
4738 4739
4746 27607
4772 4773
4796 8126
4796 8127
4796 8128
4797 4886
4797 6715
4797 6716
4797 6717
4797 6718
4797 6719
4797 6720
4797 6721
4797 6722
4797 6723
4797 6724
4797 6725
4797 6726
4800 8893
4811 4812
4811 4813
4811 4814
4811 4815
4811 4816
4811 4817
4811 4818
4812 4813
4812 4814
4812 4815
4812 4816
4812 4817
4812 4818
4813 4814
4813 4815
4813 4816
4813 4817
4813 4818
4814 4815
4814 4816
4814 4817
4814 4818
4815 4816
4815 4817
4815 4818
4816 4817
4816 4818
4817 4818
4817 11560
4818 6111
4818 11560
4818 14670
4825 11689
4833 4834
4833 4835
4833 4836
4833 4837
4834 4835
4834 4836
4834 4837
4835 4836
4835 4837
4836 4837
4855 14075
4857 4858
4857 13981
4858 13981
4886 6715
4886 6716
4886 6717
4886 6718
4886 6719
4886 6720
4886 6721
4886 6722
4886 6723
4886 6724
4886 6725
4886 6726
4891 14461
4916 4917
4919 7668
4919 7669
4919 7670
4919 7671
4920 13966
4920 16947
4920 28407
4923 4924
4925 5635
4925 14325
4925 14326
4930 4932
4931 4932
4932 5728
4932 14488
4932 28857
4932 29168
4943 13906
4984 12246
5000 7606
5007 5008
5007 17321
5008 17321
5044 15301
5045 8490
5045 8773
5045 15427
5045 15473
5045 15936
5045 16144
5045 16816
5045 16818
5045 16819
5045 20622
5045 20623
5045 20624
5049 5050
5053 24656
5060 5061
5060 5062
5061 5062
5083 5084
5094 5095
5103 14023
5103 15901
5103 22976
5103 23734
5103 24945
5106 24356
5107 8789
5107 10618
5107 12740
5107 14966
5107 16988
5107 17860
5107 17861
5107 17862
5107 17863
5107 17864
5107 17865
5107 17866
5107 17867
5107 17868
5107 17869
5107 17870
5107 17871
5107 17872
5107 17873
5107 17874
5107 17875
5107 17876
5107 17877
5112 20937
5112 20938
5118 6820
5118 11826
5118 28042
5118 28043
5118 28044
5121 6221
5121 11922
5121 11923
5128 5129
5134 5135
5136 5137
5136 5138
5136 5139
5136 5140
5137 5138
5137 5139
5137 5140
5138 5139
5138 5140
5139 5140
5149 15835
5158 5159
5191 23571
5230 5364
5271 5272
5271 5273
5271 5274
5271 5275
5271 5276
5271 5277
5272 5273
5272 5274
5272 5275
5272 5276
5272 5277
5273 5274
5273 5275
5273 5276
5273 5277
5273 5278
5273 5816
5273 11678
5273 11679
5273 12144
5273 12145
5273 13400
5273 21232
5273 25230
5273 25511
5273 29204
5274 5275
5274 5276
5274 5277
5275 5276
5275 5277
5275 5816
5275 11678
5275 11679
5275 12144
5275 12145
5275 21232
5276 5277
5276 12144
5276 12145
5277 5278
5277 5816
5277 11678
5277 11679
5277 12144
5277 12145
5277 21232
5277 21233
5277 25229
5277 25230
5277 25511
5277 29204
5279 10913
5279 24053
5279 24054
5279 24055
5279 24056
5279 24057
5279 24058
5279 24059
5279 24060
5279 24061
5279 26974
5279 28682
5279 28683
5313 5314
5313 5315
5314 5315
5318 23845
5318 24654
5342 5343
5342 5344
5342 5345
5343 5344
5343 5345
5344 5345
5349 19121
5366 5367
5380 5602
5380 10101
5380 18287
5380 19606
5397 8419
5487 5488
5487 5489
5487 5490
5487 7474
5487 7475
5487 7476
5488 5489
5488 5490
5489 5490
5490 7474
5490 7475
5493 5494
5496 8680
5497 13966
5497 28724
5503 5504
5503 5505
5504 5505
5504 10046
5504 19350
5522 5523
5522 18469
5523 18469
5540 17320
5540 19835
5540 24179
5566 17698
5566 17699
5566 22578
5571 5572
5580 13199
5604 9549
5604 21030
5604 21031
5609 5610
5631 5632
5631 5633
5632 5633
5635 14325
5635 14326
5639 13831
5639 17414
5640 10568
5640 28356
5672 5673
5673 27026
5673 27861
5685 7036
5685 7037
5685 7038
5685 10237
5685 12775
5685 12776
5685 12777
5685 12780
5724 15670
5729 17629
5729 26588
5743 25427
5750 6478
5750 8086
5750 9428
5750 9429
5750 9430
5750 9431
5750 9432
5750 9433
5750 9434
5750 9435
5750 9436
5750 9437
5750 9438
5750 9439
5789 9027
5816 11678
5816 11679
5816 12144
5816 12145
5816 21232
5816 25230
5816 25511
5816 29204
5822 5823
5834 13668
5834 19710
5837 8501
5842 5843
5844 8208
5852 16057
5852 26142
5858 6781
5858 7836
5858 10633
5858 10947
5858 11723
5859 7836
5859 8922
5859 15353
5870 5871
5875 12609
5928 5929
5943 17824
5950 5951
5955 25955
5955 28881
5961 27785
5961 27786
5961 27787
5961 27788
5961 27789
5961 27790
5961 27791
5961 27792
5961 27793
5963 5964
5980 17784
6006 6007
6021 6022
6021 19572
6021 19573
6021 19574
6022 19572
6022 19573
6022 19574
6076 12011
6082 9744
6091 15821
6119 6120
6119 6122
6119 13972
6119 13973
6119 18334
6119 18335
6120 6122
6120 13972
6120 13973
6120 18334
6120 18335
6122 13972
6122 13973
6122 18334
6122 18335
6124 27452
6124 27453
6124 28542
6124 28948
6124 29253
6124 29254
6124 29255
6124 29333
6126 13645
6128 6129
6131 6132
6131 19437
6131 25311
6164 6165
6164 6166
6165 6166
6174 13648
6174 13649
6186 7733
6186 20216
6195 12933
6220 16646
6221 11921
6221 11922
6221 11923
6221 11924
6251 22872
6251 24861
6264 22770
6272 6273
6272 6274
6273 6274
6279 17293
6291 6292
6295 23213
6298 6299
6298 11893
6298 11897
6298 29112
6298 29113
6298 29114
6299 25486
6299 26314
6301 15763
6318 10362
6330 6331
6330 6332
6331 6332
6334 6335
6337 11942
6337 13321
6337 19302
6337 19303
6337 19304
6340 17371
6362 8220
6399 6494
6399 6495
6432 9260
6432 9729
6432 11416
6432 26370
6439 17592
6439 21804
6439 21805
6439 21806
6439 21807
6439 21808
6439 21809
6439 21810
6439 21811
6439 21812
6440 25700
6448 13909
6448 18628
6454 18374
6473 26106
6478 8086
6478 9428
6478 9429
6478 9430
6478 9431
6478 9432
6478 9433
6478 9434
6478 9435
6478 9436
6478 9437
6478 9438
6478 9439
6491 16867
6491 24651
6494 6495
6494 6496
6494 8996
6505 12141
6526 27137
6561 6562
6561 6563
6561 6564
6562 6563
6562 6564
6563 6564
6569 10590
6569 14329
6569 17074
6569 17976
6571 6572
6594 6595
6600 6601
6603 6605
6603 16942
6605 16942
6619 6620
6650 6651
6666 6667
6666 6668
6667 6668
6715 6716
6715 6717
6715 6718
6715 6719
6715 6720
6715 6721
6715 6722
6715 6723
6715 6724
6715 6725
6715 6726
6716 6717
6716 6718
6716 6719
6716 6720
6716 6721
6716 6722
6716 6723
6716 6724
6716 6725
6716 6726
6717 6718
6717 6719
6717 6720
6717 6721
6717 6722
6717 6723
6717 6724
6717 6725
6717 6726
6718 6719
6718 6720
6718 6721
6718 6722
6718 6723
6718 6724
6718 6725
6718 6726
6719 6720
6719 6721
6719 6722
6719 6723
6719 6724
6719 6725
6719 6726
6720 6721
6720 6722
6720 6723
6720 6724
6720 6725
6720 6726
6721 6722
6721 6723
6721 6724
6721 6725
6721 6726
6722 6723
6722 6724
6722 6725
6722 6726
6723 6724
6723 6725
6723 6726
6724 6725
6724 6726
6725 6726
6728 16765
6729 23574
6767 14559
6792 20827
6799 6800
6805 24737
6806 15506
6808 28904
6815 15967
6820 11826
6820 28042
6820 28043
6820 28044
6826 6847
6847 26601
6854 21145
6864 17221
6864 17721
6864 22226
6868 10243
6902 9069
6970 26708
6971 9994
6971 15051
6986 13432
6989 6990
6991 10899
6995 6996
6999 7148
6999 11039
6999 14481
6999 20720
6999 26784
6999 26785
6999 26786
7005 17386
7033 13501
7036 7037
7036 7038
7037 7038
7062 15784
7067 7068
7088 27718
7090 7836
7098 22878
7098 26927
7106 10571
7117 7908
7118 7119
7118 7120
7119 7120
7144 26574
7148 11039
7148 14481
7148 20720
7148 26784
7148 26785
7148 26786
7158 7159
7177 17659
7195 8580
7195 8674
7195 9394
7195 18592
7195 21387
7195 21544
7195 23225
7195 25749
7195 25750
7195 25751
7195 25752
7195 25753
7234 11098
7234 18259
7234 22905
7234 24962
7234 24963
7234 24964
7234 24965
7234 24966
7234 24967
7234 24968
7234 24969
7241 20745
7255 11482
7255 13742
7285 24423
7285 24424
7298 18425
7298 18426
7298 18427
7300 9286
7300 17254
7300 20684
7300 21520
7300 21521
7317 27378
7338 7339
7338 7340
7338 15620
7338 27344
7339 7340
7339 15620
7339 27344
7343 25516
7366 7367
7394 23385
7422 21050
7432 24322
7449 7450
7449 11997
7450 11997
7457 7458
7474 7475
7474 7476
7475 7476
7504 17093
7511 7512
7511 10339
7511 25174
7512 10339
7512 25174
7523 7524
7523 7525
7523 7526
7524 7525
7524 7526
7525 7526
7531 27518
7534 7535
7562 7563
7575 14836
7575 18944
7603 7604
7613 8175
7622 7623
7633 17542
7636 7637
7636 7640
7637 7640
7645 7646
7668 7669
7668 7670
7668 7671
7669 7670
7669 7671
7670 7671
7680 18287
7681 7682
7681 7683
7682 7683
7692 11500
7692 24775
7692 25088
7692 25878
7692 26255
7692 26256
7694 15960
7709 26355
7725 25909
7738 11083
7738 13353
7738 13354
7738 13355
7738 13356
7738 19113
7738 19206
7739 7740
7752 7753
7768 11447
7768 11504
7768 11506
7768 11507
7768 11508
7768 11509
7768 11510
7768 11511
7768 11512
7768 11513
7768 11514
7768 11515
7771 10713
7801 7802
7801 7803
7801 7804
7802 7803
7802 7804
7803 7804
7808 7809
7820 18087
7820 20601
7820 20602
7820 22318
7820 22319
7822 18086
7822 21113
7836 13063
7836 21079
7842 26167
7858 7859
7867 7868
7871 7872
7880 15735
7881 7882
7917 14416
7917 15939
7917 19948
7917 28599
7917 28600
7917 28601
7919 7923
7919 7924
7919 7925
7920 7921
7920 7923
7920 7925
7921 7923
7921 7925
7922 7923
7922 7924
7922 7925
7923 7924
7923 7925
7924 7925
7925 29111
7926 28536
7961 14682
7978 9533
7981 7982
7991 15978
7994 25830
8002 19626
8002 19627
8002 19628
8002 19629
8026 8027
8026 8028
8026 8029
8026 8030
8026 8031
8027 8028
8027 8029
8027 8030
8027 8031
8028 8029
8028 8030
8028 8031
8029 8030
8029 8031
8030 8031
8031 12278
8031 12279
8049 8050
8049 8051
8049 8052
8049 8053
8049 8054
8049 8055
8050 8051
8050 8052
8050 8053
8050 8054
8050 8055
8051 8052
8051 8053
8051 8054
8051 8055
8052 8053
8052 8054
8052 8055
8053 8054
8053 8055
8053 8512
8053 12126
8053 22644
8054 8055
8054 8512
8054 14598
8054 17338
8054 17339
8054 17340
8054 17341
8078 8079
8078 17109
8086 9428
8086 9429
8086 9430
8086 9431
8086 9432
8086 9433
8086 9434
8086 9435
8086 9436
8086 9437
8086 9438
8086 9439
8087 12081
8113 17732
8117 12284
8117 13000
8117 13001
8117 13002
8117 13003
8117 13004
8117 13005
8126 8127
8126 8128
8127 8128
8135 8136
8163 8164
8163 8165
8164 8165
8167 22361
8186 8187
8186 8188
8187 8188
8192 8193
8205 8206
8207 28880
8218 26964
8234 13075
8289 25460
8300 24033
8304 8305
8318 11489
8319 15669
8319 15670
8345 22662
8351 8352
8356 8357
8365 8366
8385 8386
8396 13598
8396 15867
8396 21422
8396 21423
8396 21424
8396 21425
8396 21426
8396 21427
8396 21428
8396 21429
8396 21430
8396 21431
8401 11585
8401 14694
8401 14695
8401 14696
8404 8405
8404 8406
8404 8407
8405 8406
8405 8407
8406 8407
8406 24377
8411 11468
8424 8425
8450 8451
8463 8464
8490 8773
8490 15427
8490 15473
8490 15936
8490 16144
8490 16816
8490 16818
8490 16819
8490 20622
8490 20623
8490 20624
8492 8493
8495 8496
8512 12126
8512 14343
8512 14344
8512 14598
8512 17338
8512 17339
8512 17340
8512 17341
8512 22644
8519 16331
8520 26822
8532 8533
8547 16481
8565 9235
8571 23646
8580 8674
8580 9394
8580 18592
8580 21387
8580 21544
8580 23225
8580 25749
8580 25750
8580 25751
8580 25752
8580 25753
8584 8585
8591 8592
8592 12530
8595 15399
8613 19456
8613 19571
8613 19991
8613 20522
8625 8626
8634 11879
8641 10942
8651 19757
8651 22561
8651 29123
8663 8664
8674 9394
8674 18592
8674 21387
8674 21544
8674 23225
8674 25749
8674 25750
8674 25751
8674 25752
8674 25753
8686 8905
8693 24926
8696 9640
8696 11487
8696 24993
8696 26497
8702 9552
8705 17553
8722 8723
8722 8724
8722 8725
8722 15598
8722 15599
8722 15600
8723 8724
8723 8725
8723 15598
8723 15599
8723 15600
8724 8725
8724 15598
8724 15599
8724 15600
8725 15598
8725 15599
8725 15600
8734 17989
8743 20912
8771 8772
8773 15427
8773 15473
8773 15936
8773 16144
8773 16816
8773 16818
8773 16819
8773 20622
8773 20623
8773 20624
8776 9821
8776 26384
8789 10618
8789 12740
8789 14966
8789 16988
8789 17860
8789 17861
8789 17862
8789 17863
8789 17864
8789 17865
8789 17866
8789 17867
8789 17868
8789 17869
8789 17870
8789 17871
8789 17872
8789 17873
8789 17874
8789 17875
8789 17876
8789 17877
8790 8791
8802 12714
8803 8804
8857 8858
8859 18804
8859 18805
8861 8862
8862 9756
8869 8870
8872 8873
8891 8892
8895 14218
8895 19393
8895 23251
8895 23252
8903 17529
8908 8909
8917 8918
8919 8920
8920 13165
8934 8935
8940 10158
8952 23790
8981 11808
8993 8994
8999 11976
9030 21257
9047 9048
9057 9058
9057 9059
9058 9059
9094 13665
9103 12965
9103 12966
9106 25671
9106 25672
9129 9130
9129 9131
9129 9132
9130 9131
9130 9132
9131 9132
9137 9138
9143 13469
9168 27146
9178 22358
9203 22276
9208 9209
9208 9210
9208 9211
9208 9212
9208 9213
9208 9214
9209 9210
9209 9211
9209 9212
9209 9213
9209 9214
9209 12708
9209 12709
9209 12710
9209 12711
9210 9211
9210 9212
9210 9213
9210 9214
9210 9215
9210 9216
9210 12086
9211 9212
9211 9213
9211 9214
9211 9215
9211 9216
9211 12086
9211 26012
9211 26013
9211 26014
9211 26015
9211 26016
9211 26017
9211 26018
9211 26019
9211 26020
9211 26021
9211 26022
9212 9213
9212 9214
9212 9215
9212 9216
9212 12898
9212 26012
9212 26013
9212 26014
9212 26015
9212 26016
9212 26017
9212 26018
9212 26019
9212 26020
9212 26021
9212 26022
9213 9214
9213 9215
9213 9216
9213 12086
9214 9215
9214 9216
9214 12086
9214 12898
9214 26012
9214 26013
9214 26014
9214 26015
9214 26016
9214 26017
9214 26018
9214 26019
9214 26020
9214 26021
9214 26022
9215 9216
9216 12086
9224 10324
9239 21377
9246 9248
9247 9248
9259 22735
9259 22736
9259 22737
9260 9729
9260 11416
9260 26370
9263 9264
9266 18166
9280 25384
9286 17254
9286 20684
9286 21520
9286 21521
9298 9299
9300 17173
9327 9328
9327 9329
9328 9329
9333 20890
9333 21244
9333 27996
9387 9388
9387 9389
9388 9389
9394 18592
9394 21387
9394 21544
9394 23225
9394 25749
9394 25750
9394 25751
9394 25752
9394 25753
9398 9399
9419 24580
9426 9427
9428 9429
9428 9430
9428 9431
9428 9432
9428 9433
9428 9434
9428 9435
9428 9436
9428 9437
9428 9438
9428 9439
9429 9430
9429 9431
9429 9432
9429 9433
9429 9434
9429 9435
9429 9436
9429 9437
9429 9438
9429 9439
9430 9431
9430 9432
9430 9433
9430 9434
9430 9435
9430 9436
9430 9437
9430 9438
9430 9439
9431 9432
9431 9433
9431 9434
9431 9435
9431 9436
9431 9437
9431 9438
9431 9439
9432 9433
9432 9434
9432 9435
9432 9436
9432 9437
9432 9438
9432 9439
9433 9434
9433 9435
9433 9436
9433 9437
9433 9438
9433 9439
9434 9435
9434 9436
9434 9437
9434 9438
9434 9439
9435 9436
9435 9437
9435 9438
9435 9439
9436 9437
9436 9438
9436 9439
9437 9438
9437 9439
9438 9439
9479 9480
9479 9481
9479 9482
9480 9481
9480 9482
9481 9482
9486 23661
9486 23662
9486 28855
9486 28856
9534 10529
9549 21030
9549 21031
9551 9552
9563 22000
9591 18287
9598 14485
9598 14486
9598 27694
9598 27992
9600 12570
9600 23111
9601 11487
9601 13755
9626 25466
9640 11487
9640 24993
9640 26497
9675 14965
9679 16335
9679 16336
9696 9958
9701 9702
9714 10708
9714 27901
9714 28812
9714 29173
9723 17096
9729 11416
9729 26370
9734 22650
9753 25706
9763 9764
9763 9765
9764 9765
9795 9796
9795 9797
9796 9797
9817 9818
9819 10276
9821 26384
9828 11565
9830 9831
9840 16380
9840 23386
9840 27070
9840 27071
9840 27072
9840 27073
9840 27074
9840 27075
9866 9867
9885 25708
9896 9897
9911 9912
9937 9938
9946 22403
9946 22404
9947 9948
9947 9949
9947 9950
9948 9949
9948 9950
9949 9950
9972 9973
9972 9974
9973 9974
9983 9984
9987 9988
9998 9999
10004 10005
10018 28757
10038 21291
10047 15719
10047 15720
10062 16919
10101 18287
10117 10118
10130 15455
10130 15456
10134 10135
10147 19426
10156 10157
10156 12571
10156 21583
10157 21583
10159 10160
10178 10179
10178 10180
10178 10181
10179 10180
10179 10181
10180 10181
10197 19464
10197 22110
10208 25632
10217 10218
10228 10229
10230 10231
10230 10232
10231 10232
10237 12775
10237 12776
10237 12777
10237 12778
10237 12779
10237 12780
10276 14499
10276 23730
10280 10356
10285 22345
10289 10290
10292 18344
10364 16953
10376 10377
10384 10385
10401 15488
10452 18971
10479 12835
10479 12836
10479 12837
10479 15426
10482 19790
10500 10501
10516 10517
10528 15674
10531 11684
10539 11596
10543 10544
10590 14329
10590 17074
10590 17976
10595 27161
10599 29263
10599 29264
10599 29265
10599 29266
10599 29267
10616 10617
10618 12740
10618 14966
10618 16988
10618 17860
10618 17861
10618 17862
10618 17863
10618 17864
10618 17865
10618 17866
10618 17867
10618 17868
10618 17869
10618 17870
10618 17871
10618 17872
10618 17873
10618 17874
10618 17875
10618 17876
10618 17877
10622 10623
10633 10634
10633 13063
10633 29312
10645 10646
10677 15384
10677 15385
10679 10680
10686 10687
10710 12326
10732 10733
10742 10743
10742 10744
10743 10744
10744 11896
10771 10772
10773 12354
10784 10785
10793 10794
10801 14545
10801 14989
10803 10804
10816 10817
10855 10856
10861 10862
10861 10863
10862 10863
10892 22377
10893 20943
10913 24053
10913 24054
10913 24055
10913 24057
10913 24059
10913 24061
10913 26974
10913 28682
10913 28683
10924 10925
10924 10927
10925 10927
10942 12417
10942 24689
10973 10974
10978 19296
10989 10990
10989 10991
10990 10991
11000 24086
11003 11004
11008 15555
11016 20119
11016 25139
11020 11021
11023 11024
11025 11027
11027 15468
11039 14481
11039 20720
11039 26784
11039 26785
11039 26786
11049 23740
11050 14709
11054 11055
11083 13353
11083 13354
11083 13355
11083 13356
11083 14540
11083 16099
11083 18682
11083 18683
11083 19113
11083 19206
11097 12347
11097 13531
11097 23805
11098 18259
11098 22905
11098 24962
11098 24963
11098 24964
11098 24965
11098 24966
11098 24967
11098 24968
11098 24969
11115 11116
11134 15306
11134 27439
11138 11139
11154 12111
11159 13440
11159 13441
11170 11171
11179 11180
11181 11182
11198 15705
11228 12178
11238 11239
11238 11240
11239 11240
11241 11242
11241 11243
11241 11244
11241 11245
11242 11243
11242 11244
11242 11245
11243 11244
11243 11245
11244 11245
11274 11275
11293 11294
11296 25062
11328 18308
11333 11334
11334 17037
11335 16499
11335 24750
11335 24751
11346 11347
11346 11348
11347 11348
11381 11382
11395 16881
11395 16882
11395 16883
11395 16884
11395 16885
11413 18464
11416 26370
11425 17580
11447 11504
11447 11506
11447 11507
11447 11508
11447 11509
11447 11510
11447 11511
11447 11512
11447 11513
11447 11514
11447 11515
11448 11449
11449 25245
11451 11452
11462 17631
11462 17632
11462 25934
11483 11484
11487 13755
11487 18571
11487 24993
11487 26497
11500 27856
11504 11506
11504 11507
11504 11508
11504 11509
11504 11510
11504 11511
11504 11512
11504 11513
11504 11514
11504 11515
11506 11507
11506 11508
11506 11509
11506 11510
11506 11511
11506 11512
11506 11513
11506 11514
11506 11515
11507 11508
11507 11509
11507 11510
11507 11511
11507 11512
11507 11513
11507 11514
11507 11515
11508 11509
11508 11510
11508 11511
11508 11512
11508 11513
11508 11514
11508 11515
11509 11510
11509 11511
11509 11512
11509 11513
11509 11514
11509 11515
11510 11511
11510 11512
11510 11513
11510 11514
11510 11515
11511 11512
11511 11513
11511 11514
11511 11515
11512 11513
11512 11514
11512 11515
11513 11514
11513 11515
11514 11515
11572 12647
11572 12717
11572 16258
11572 18442
11572 19107
11572 19183
11572 19898
11572 23298
11572 23299
11585 14694
11585 14695
11585 14696
11594 13524
11594 27955
11594 27956
11599 25323
11599 28135
11659 11660
11659 15609
11660 15609
11670 11671
11678 11679
11678 12144
11678 12145
11678 21232
11678 25230
11678 25511
11678 29204
11679 12144
11679 12145
11679 21232
11679 21233
11679 25229
11679 25230
11679 25511
11679 29204
11704 11705
11706 12055
11707 12703
11721 12087
11721 14750
11721 28373
11725 11726
11728 17792
11728 21813
11761 11762
11773 19095
11773 19096
11783 11784
11793 11794
11826 11880
11826 13322
11826 28042
11826 28043
11826 28044
11848 11849
11856 25738
11875 12261
11875 13412
11875 13413
11875 13414
11875 13415
11893 11894
11893 11897
11893 29112
11893 29113
11894 11897
11896 18566
11896 18567
11896 18568
11896 19939
11896 26733
11896 27522
11897 29112
11897 29113
11918 11919
11918 11920
11919 11920
11921 11922
11921 11923
11922 11923
11929 11930
11938 20890
11938 21244
11938 27996
11942 13321
11942 19302
11958 11959
11970 28701
11983 24117
12019 18300
12019 29245
12029 23361
12043 20980
12055 13661
12065 19116
12081 17152
12081 19020
12086 14751
12086 20389
12086 20390
12087 14750
12094 12095
12100 12101
12117 12118
12121 12122
12121 12123
12121 12124
12121 12125
12122 12123
12122 12124
12122 12125
12123 12124
12123 12125
12124 12125
12126 14343
12126 14344
12126 14598
12126 17338
12126 17340
12126 22644
12131 22044
12139 12140
12139 15389
12144 12145
12144 21232
12144 25230
12144 25511
12145 21232
12145 25230
12145 25511
12170 12171
12189 12190
12197 23451
12198 12199
12234 12235
12236 12237
12239 24781
12261 13412
12261 13413
12261 13414
12261 13415
12269 12270
12269 12271
12269 12272
12270 12271
12270 12272
12271 12272
12278 12279
12284 13000
12284 13001
12284 13002
12284 13003
12284 13004
12284 13005
12306 12307
12389 12390
12420 21582
12466 13314
12471 12472
12477 12480
12477 12481
12477 12482
12478 12480
12478 12481
12478 12482
12480 12481
12480 12482
12481 12482
12508 17233
12517 19348
12524 12525
12539 26364
12545 13938
12571 21583
12602 19547
12647 12717
12647 16258
12647 18442
12647 19107
12647 19183
12647 19898
12647 23298
12647 23299
12682 26207
12708 12709
12708 12710
12708 12711
12709 12710
12709 12711
12710 12711
12717 16258
12717 18442
12717 19107
12717 19183
12717 19898
12717 23298
12717 23299
12740 14966
12740 16988
12740 17860
12740 17861
12740 17862
12740 17863
12740 17864
12740 17865
12740 17866
12740 17867
12740 17868
12740 17869
12740 17870
12740 17871
12740 17872
12740 17873
12740 17874
12740 17875
12740 17876
12740 17877
12743 12744
12749 20810
12749 23760
12749 24818
12749 24819
12749 24820
12749 24821
12749 24822
12749 24823
12751 12752
12755 12756
12775 12776
12775 12777
12775 12780
12776 12777
12776 12778
12776 12779
12776 12780
12777 12778
12777 12779
12777 12780
12778 12779
12778 12780
12779 12780
12785 15090
12787 24885
12787 24886
12790 12792
12810 19486
12822 20145
12822 20146
12835 12836
12835 12837
12835 15426
12836 12837
12836 15426
12837 15426
12843 12844
12859 12860
12859 12861
12859 12862
12859 12863
12859 12864
12859 12865
12860 12861
12860 12862
12860 12863
12860 12864
12860 12865
12861 12862
12861 12863
12861 12864
12861 12865
12862 12863
12862 12864
12862 12865
12863 12864
12863 12865
12864 12865
12875 12876
12897 15234
12907 26539
12941 12942
12950 16775
12962 12963
12965 12966
12988 24437
13000 13001
13000 13002
13000 13003
13000 13004
13000 13005
13001 13002
13001 13003
13001 13004
13001 13005
13002 13003
13002 13004
13002 13005
13003 13004
13003 13005
13004 13005
13018 13020
13025 13026
13063 21079
13095 13096
13095 13097
13095 13098
13095 13099
13095 13100
13095 13101
13095 13102
13096 13097
13096 13098
13096 13099
13096 13100
13096 13101
13096 13102
13097 13098
13097 13099
13097 13100
13097 13101
13097 13102
13098 13099
13098 13100
13098 13101
13098 13102
13099 13100
13099 13101
13099 13102
13100 13101
13100 13102
13101 13102
13105 15634
13105 20825
13107 21801
13110 17343
13110 27592
13131 14433
13170 13171
13183 28997
13193 15035
13197 13198
13202 21527
13214 13215
13221 28460
13254 13255
13268 15656
13275 17835
13275 21624
13275 21625
13296 19003
13296 19004
13296 19005
13321 19302
13321 19303
13321 19304
13331 16609
13333 25312
13353 13354
13353 13355
13353 13356
13353 18682
13353 18683
13353 19206
13354 13355
13354 13356
13354 18682
13354 18683
13354 19113
13354 19206
13355 13356
13355 16003
13355 19113
13355 19114
13355 19206
13355 19845
13355 23427
13355 23428
13355 23429
13356 18682
13356 18683
13356 19206
13357 13358
13357 13359
13357 13360
13358 13359
13358 13360
13359 13360
13390 13391
13390 13392
13390 13393
13391 13392
13391 13393
13392 13393
13412 13413
13412 13414
13412 13415
13413 13414
13413 13415
13414 13415
13418 13419
13418 13420
13419 13420
13440 13441
13454 13455
13459 16321
13498 28441
13510 13511
13510 13512
13511 13512
13514 13515
13524 27955
13524 27956
13529 17823
13531 23805
13568 16444
13573 28482
13573 28483
13589 14639
13589 18720
13598 15867
13598 21422
13598 21423
13598 21424
13598 21425
13598 21426
13598 21427
13598 21428
13598 21429
13598 21430
13598 21431
13622 21554
13648 13649
13675 13676
13675 13677
13676 13677
13686 13687
13686 13688
13686 16659
13686 24836
13686 25420
13687 13688
13687 24836
13688 16659
13688 24836
13688 25420
13754 17090
13772 13773
13775 22666
13778 13779
13822 13823
13825 20042
13832 13833
13832 13834
13833 13834
13840 15683
13845 13846
13897 13898
13897 13899
13897 13900
13897 13901
13898 13899
13898 13900
13898 13901
13899 13900
13899 13901
13900 13901
13909 18628
13917 22400
13922 13923
13935 22263
13936 26087
13966 16947
13966 28407
13972 13973
13995 13996
14023 15901
14023 22976
14023 23734
14023 24945
14027 23416
14049 25595
14071 19383
14071 29224
14099 14100
14107 14108
14116 18472
14122 14123
14138 14139
14138 14140
14139 14140
14148 14149
14171 24708
14171 24709
14171 24710
14171 24711
14179 14180
14179 14181
14179 14182
14180 14181
14180 14182
14181 14182
14197 14198
14205 23540
14218 19393
14218 23251
14218 23252
14221 14222
14243 14244
14273 14274
14287 14288
14297 20397
14297 20637
14297 21501
14298 14299
14311 14312
14311 20557
14314 23120
14314 23121
14321 23201
14325 14326
14329 17074
14329 17976
14336 14337
14336 14338
14337 14338
14343 14344
14354 17018
14355 19335
14391 17620
14399 14400
14415 14416
14416 16515
14416 22868
14416 28599
14416 28600
14416 28601
14431 15538
14440 14441
14464 14465
14469 21990
14481 20720
14481 26784
14481 26785
14481 26786
14485 14486
14485 27694
14485 27992
14486 27694
14486 27992
14510 20345
14540 16099
14545 14989
14568 14569
14568 14570
14569 14570
14587 14588
14587 22650
14587 27058
14598 17338
14598 17339
14598 17340
14598 17341
14619 14620
14630 25862
14632 14633
14675 17701
14680 23057
14694 14695
14694 14696
14695 14696
14697 17971
14697 17972
14697 23075
14700 16706
14711 15468
14715 14716
14723 14724
14751 20389
14751 20390
14757 19495
14767 22798
14784 14785
14813 18820
14819 15273
14828 15492
14828 26948
14836 18944
14837 14838
14933 21359
14933 28128
14938 14939
14963 17480
14966 16988
14966 17860
14966 17861
14966 17862
14966 17863
14966 17864
14966 17865
14966 17866
14966 17867
14966 17868
14966 17869
14966 17870
14966 17871
14966 17872
14966 17873
14966 17874
14966 17875
14966 17876
14966 17877
14973 14974
14973 14975
14974 14975
15004 26161
15004 26162
15084 15085
15084 15086
15085 15086
15124 15125
15166 19747
15175 15944
15175 18521
15178 15179
15206 25985
15216 24412
15247 18668
15247 18670
15247 18671
15281 15722
15306 27439
15331 15332
15331 15333
15331 15335
15332 15333
15332 15335
15333 15335
15334 15335
15338 19091
15338 19092
15362 15363
15364 15365
15384 15385
15410 19283
15421 15422
15427 15473
15427 15936
15427 16144
15427 16816
15427 16818
15427 16819
15427 20622
15427 20623
15427 20624
15436 15437
15441 15443
15441 23912
15443 23912
15453 15515
15455 15456
15467 15468
15473 15936
15473 16144
15473 16816
15473 16818
15473 16819
15473 20622
15473 20623
15473 20624
15492 26948
15495 15496
15498 15499
15498 15500
15498 15501
15498 15502
15498 15503
15498 28384
15498 28385
15498 28386
15498 28387
15499 15500
15499 15501
15499 15502
15499 15503
15499 28384
15499 28385
15499 28386
15499 28387
15500 15501
15500 15502
15500 15503
15500 28384
15500 28385
15500 28386
15500 28387
15501 15502
15501 15503
15501 28384
15501 28385
15501 28386
15501 28387
15502 15503
15502 28384
15502 28385
15502 28386
15502 28387
15503 28384
15503 28385
15503 28386
15503 28387
15556 19907
15561 15562
15598 15599
15598 15600
15599 15600
15602 15603
15612 15613
15612 15642
15620 27344
15634 20825
15643 15644
15649 27774
15669 15670
15669 25941
15670 15671
15692 17391
15719 15720
15726 19806
15751 23413
15752 21118
15800 23957
15833 29250
15867 21422
15867 21423
15867 21424
15867 21425
15867 21426
15867 21427
15867 21428
15867 21429
15867 21430
15867 21431
15878 15879
15901 22976
15901 23734
15936 16144
15936 16816
15936 16818
15936 16819
15936 20622
15936 20623
15936 20624
15944 18521
15969 28945
16003 19114
16003 19845
16003 23427
16003 23428
16003 23429
16017 16018
16017 16019
16018 16019
16025 16026
16025 16027
16025 16028
16027 16028
16057 26142
16084 17640
16107 16108
16123 22637
16123 22638
16141 19265
16144 16816
16144 16818
16144 16819
16144 20622
16144 20623
16144 20624
16154 16155
16170 16171
16170 16172
16170 16173
16170 16174
16170 16175
16170 16176
16170 16177
16170 16178
16170 16179
16170 16180
16170 16181
16170 20852
16170 20853
16170 20854
16170 20855
16170 25010
16171 16172
16171 16173
16171 16174
16171 16175
16171 16176
16171 16177
16171 16178
16171 16179
16171 16180
16171 16181
16171 16182
16171 20852
16171 20853
16171 20854
16171 20855
16171 24936
16171 25010
16172 16173
16172 16174
16172 16175
16172 16176
16172 16177
16172 16178
16172 16179
16172 16180
16172 16181
16172 16182
16172 20852
16172 20853
16172 20854
16172 20855
16172 24936
16172 25010
16173 16174
16173 16175
16173 16176
16173 16177
16173 16178
16173 16179
16173 16180
16173 16181
16173 16366
16173 20852
16173 20854
16173 24936
16173 25010
16173 27245
16173 27246
16173 27247
16174 16175
16174 16176
16174 16177
16174 16178
16174 16179
16174 16180
16174 16181
16174 16182
16174 20852
16174 20853
16174 20854
16174 20855
16174 24936
16174 25010
16175 16176
16175 16177
16175 16178
16175 16179
16175 16180
16175 16181
16175 16182
16175 20852
16175 20853
16175 20854
16175 20855
16175 24936
16175 25010
16176 16177
16176 16178
16176 16179
16176 16180
16176 16181
16176 20852
16176 20853
16176 20854
16176 20855
16176 24936
16176 25010
16177 16178
16177 16179
16177 16180
16177 16181
16177 20852
16177 20853
16177 20854
16177 20855
16177 25010
16178 16179
16178 16180
16178 16181
16178 20852
16178 20853
16178 20854
16178 20855
16178 25010
16179 16180
16179 16181
16179 20852
16179 20853
16179 20854
16179 20855
16179 25010
16180 16181
16180 16182
16180 20852
16180 20853
16180 20854
16180 20855
16180 24936
16180 25010
16181 16182
16181 20852
16181 20853
16181 20854
16181 20855
16181 24936
16181 25010
16186 16187
16192 16193
16192 16194
16192 16195
16193 16194
16193 16195
16194 16195
16197 28391
16197 28640
16197 28641
16215 16216
16253 16254
16253 16255
16254 16255
16258 18442
16258 19107
16258 19183
16258 19898
16258 23298
16258 23299
16264 16742
16264 26531
16264 26532
16295 18222
16311 17026
16331 18753
16335 16336
16355 28353
16366 27245
16366 27246
16366 27247
16380 23386
16380 27070
16380 27071
16380 27072
16380 27073
16380 27074
16380 27075
16382 16625
16418 16419
16427 27766
16435 19099
16456 21828
16464 28463
16483 23584
16483 27914
16507 16508
16508 18979
16511 21788
16515 22868
16568 18432
16576 16577
16584 24677
16584 24766
16588 16589
16588 16590
16588 18114
16588 18115
16589 16590
16589 18114
16589 18115
16590 18114
16590 18115
16609 16610
16659 24836
16659 25420
16689 16690
16689 16691
16690 16691
16738 16739
16742 26531
16742 26532
16751 16752
16756 19301
16762 16763
16766 16767
16774 24035
16816 16818
16816 16819
16816 20622
16816 20623
16816 20624
16818 16819
16818 20622
16818 20623
16818 20624
16819 20622
16819 20623
16819 20624
16835 16836
16835 16837
16836 16837
16881 16882
16881 16883
16881 16884
16881 16885
16882 16883
16882 16884
16882 16885
16883 16884
16883 16885
16884 16885
16929 16930
16947 28407
16984 16985
16988 17860
16988 17861
16988 17862
16988 17863
16988 17864
16988 17865
16988 17866
16988 17867
16988 17868
16988 17869
16988 17870
16988 17871
16988 17872
16988 17873
16988 17874
16988 17875
16988 17876
16988 17877
17013 17014
17036 26677
17074 17976
17078 27163
17123 17124
17132 17133
17142 17143
17144 17145
17152 19020
17153 28058
17153 28291
17153 28292
17157 25861
17181 17182
17181 17183
17181 17184
17181 17185
17181 17186
17181 17187
17181 17188
17181 17189
17182 17183
17182 17184
17182 17185
17182 17186
17182 17187
17182 17188
17182 17189
17183 17184
17183 17185
17183 17186
17183 17187
17183 17188
17183 17189
17184 17185
17184 17186
17184 17187
17184 17188
17184 17189
17185 17186
17185 17187
17185 17188
17185 17189
17186 17187
17186 17188
17186 17189
17187 17188
17187 17189
17188 17189
17192 17193
17195 17196
17199 17200
17221 17721
17221 22226
17222 17223
17236 17237
17236 17238
17236 27459
17237 17238
17237 27459
17238 27459
17239 24000
17254 20684
17269 25114
17277 17278
17277 22441
17277 22442
17287 17288
17320 19835
17324 17325
17338 17339
17338 17340
17338 17341
17339 17340
17339 17341
17340 17341
17343 27592
17344 20786
17344 26225
17348 27738
17355 28212
17427 19124
17439 17440
17439 17441
17440 17441
17453 22648
17453 22649
17478 17479
17520 20188
17525 17526
17548 17549
17548 17550
17549 17550
17583 17584
17592 21806
17592 21807
17621 17622
17621 17623
17621 17624
17621 17626
17621 17627
17622 17623
17622 17624
17622 17626
17622 17627
17623 17624
17623 17626
17623 17627
17624 17626
17624 17627
17626 17627
17631 17632
17647 17648
17670 17671
17683 17684
17683 17685
17683 17686
17683 17687
17683 17688
17683 19899
17683 23006
17683 23007
17684 17685
17684 17686
17684 17687
17684 17688
17684 19899
17684 23006
17684 23007
17685 17686
17685 17687
17685 17688
17685 19899
17685 23006
17685 23007
17686 17687
17686 17688
17686 19899
17686 23006
17686 23007
17687 17688
17687 19899
17687 23006
17687 23007
17688 19899
17688 23006
17688 23007
17694 17695
17694 17696
17695 17696
17698 17699
17698 22578
17721 22226
17725 17726
17737 17738
17737 17739
17737 17740
17738 17739
17738 17740
17739 17740
17769 20144
17792 21813
17793 20568
17824 20561
17835 21624
17835 21625
17860 17861
17860 17862
17860 17863
17860 17864
17860 17865
17860 17866
17860 17867
17860 17868
17860 17869
17860 17870
17860 17871
17860 17872
17860 17873
17860 17874
17860 17875
17860 17876
17860 17877
17861 17862
17861 17863
17861 17864
17861 17865
17861 17866
17861 17867
17861 17868
17861 17869
17861 17870
17861 17871
17861 17872
17861 17873
17861 17874
17861 17875
17861 17876
17861 17877
17862 17863
17862 17864
17862 17865
17862 17866
17862 17867
17862 17868
17862 17869
17862 17870
17862 17871
17862 17872
17862 17873
17862 17874
17862 17875
17862 17876
17862 17877
17863 17864
17863 17865
17863 17866
17863 17867
17863 17868
17863 17869
17863 17870
17863 17871
17863 17872
17863 17873
17863 17874
17863 17875
17863 17876
17863 17877
17864 17865
17864 17866
17864 17867
17864 17868
17864 17869
17864 17870
17864 17871
17864 17872
17864 17873
17864 17874
17864 17875
17864 17876
17864 17877
17865 17866
17865 17867
17865 17868
17865 17869
17865 17870
17865 17871
17865 17872
17865 17873
17865 17874
17865 17875
17865 17876
17865 17877
17866 17867
17866 17868
17866 17869
17866 17870
17866 17871
17866 17872
17866 17873
17866 17874
17866 17875
17866 17876
17866 17877
17867 17868
17867 17869
17867 17870
17867 17871
17867 17872
17867 17873
17867 17874
17867 17875
17867 17876
17867 17877
17868 17869
17868 17870
17868 17871
17868 17872
17868 17873
17868 17874
17868 17875
17868 17876
17868 17877
17869 17870
17869 17871
17869 17872
17869 17873
17869 17874
17869 17875
17869 17876
17869 17877
17870 17871
17870 17872
17870 17873
17870 17874
17870 17875
17870 17876
17870 17877
17871 17872
17871 17873
17871 17874
17871 17875
17871 17876
17871 17877
17872 17873
17872 17874
17872 17875
17872 17876
17872 17877
17873 17874
17873 17875
17873 17876
17873 17877
17874 17875
17874 17876
17874 17877
17875 17876
17875 17877
17876 17877
17886 17887
17965 17966
17968 21709
17968 21710
17971 17972
18011 18012
18029 18030
18029 18031
18029 18032
18029 18033
18030 18031
18030 18032
18030 18033
18031 18032
18031 18033
18032 18033
18077 18078
18077 18079
18078 18079
18086 21113
18087 22319
18106 18107
18106 18108
18107 18108
18114 18115
18123 18124
18125 18126
18131 22599
18161 18162
18172 18173
18174 18175
18198 18199
18259 22905
18259 24962
18259 24963
18259 24964
18259 24965
18259 24966
18259 24967
18259 24968
18259 24969
18263 18264
18287 19606
18300 29245
18315 18316
18326 18562
18326 18563
18357 21830
18425 18426
18425 18427
18425 22334
18426 18427
18429 21316
18432 27554
18442 19107
18442 19183
18442 19898
18442 23298
18442 23299
18454 18455
18474 21693
18493 18494
18493 18495
18494 18495
18540 27103
18540 27306
18540 27307
18541 20173
18546 18547
18562 18563
18566 18567
18566 18568
18566 19939
18567 18568
18567 19939
18567 26733
18567 27522
18568 19939
18568 26733
18592 21387
18592 21544
18592 23225
18592 25749
18592 25750
18592 25751
18592 25752
18592 25753
18601 23702
18601 26902
18601 26925
18601 27872
18630 26620
18668 18670
18668 18671
18670 18671
18682 18683
18682 19206
18683 19206
18685 28696
18685 29324
18685 29325
18689 23084
18689 23085
18689 23086
18707 18708
18713 26875
18797 28493
18804 18805
18815 18816
18849 18852
18851 18852
18860 18861
18860 18862
18860 18863
18860 18864
18860 18865
18861 18862
18861 18863
18861 18864
18861 18865
18862 18863
18862 18864
18862 18865
18863 18864
18863 18865
18863 19852
18864 18865
18864 19852
18865 19852
18876 26994
18876 27468
18908 18909
18940 18941
18958 18959
18978 21883
18978 22631
19003 19004
19003 19005
19004 19005
19005 27678
19014 19015
19020 22808
19053 27948
19053 29025
19060 19061
19060 19062
19061 19062
19091 19092
19095 19096
19107 19183
19107 19898
19107 23298
19107 23299
19114 19845
19114 23427
19114 23428
19114 23429
19133 28417
19180 26582
19183 19898
19183 23298
19183 23299
19205 26542
19205 26543
19210 22576
19241 19242
19241 19243
19241 19244
19241 22111
19241 22112
19242 19243
19242 19244
19242 22111
19242 22112
19243 19244
19250 23930
19250 23931
19250 23932
19250 23933
19302 19303
19302 19304
19321 19322
19326 19327
19333 19334
19382 22856
19382 22857
19382 22858
19382 22859
19382 22860
19382 22861
19382 26461
19383 29224
19393 23251
19393 23252
19404 19405
19422 19423
19422 19424
19423 19424
19437 25311
19456 19571
19456 19991
19456 20522
19456 20523
19458 19459
19458 19460
19458 19461
19458 19462
19459 19460
19459 19461
19459 19462
19460 19461
19460 19462
19461 19462
19463 20229
19464 22110
19509 21993
19520 19521
19539 24994
19545 20902
19548 22549
19550 19551
19561 19562
19561 19563
19561 19564
19562 19563
19563 19564
19571 19991
19571 20522
19572 19573
19572 19574
19573 19574
19592 19593
19626 19627
19626 19628
19626 19629
19627 19628
19627 19629
19628 19629
19677 19678
19678 20562
19702 19703
19716 26806
19716 26807
19724 25634
19753 20390
19753 21088
19757 22561
19757 29123
19819 19820
19845 23427
19845 23428
19845 23429
19869 19870
19883 19884
19883 19885
19884 19885
19890 19891
19893 27941
19898 23298
19898 23299
19899 23006
19899 23007
19905 19906
19939 27522
19970 19971
19984 24740
19991 20522
19991 20523
20002 20335
20059 20060
20059 20061
20060 20061
20064 20065
20096 22429
20115 20116
20119 25139
20139 25300
20145 20146
20145 20153
20150 20151
20154 23563
20154 23564
20219 27521
20226 20227
20277 20278
20279 20280
20284 24636
20296 20297
20321 20322
20323 24837
20381 20382
20384 24427
20384 29310
20389 20390
20390 21088
20390 24507
20397 20637
20421 20422
20421 23276
20422 23276
20465 27681
20476 20477
20495 25432
20515 20516
20522 20523
20530 20531
20543 28173
20572 20573
20578 20579
20594 20595
20601 20602
20601 22318
20618 20619
20622 20623
20622 20624
20623 20624
20629 20630
20658 20659
20681 26244
20684 21520
20684 21521
20688 20689
20690 20691
20693 25979
20694 20695
20720 26784
20720 26785
20720 26786
20786 26225
20789 21382
20805 20806
20810 23760
20810 24818
20810 24819
20810 24820
20810 24821
20810 24822
20810 24823
20852 20853
20852 20854
20852 20855
20852 24936
20852 25010
20853 20854
20853 20855
20854 20855
20854 24936
20854 25010
20855 25010
20866 20867
20866 20868
20866 20869
20867 20868
20867 20869
20868 20869
20889 21244
20890 21244
20890 27996
20937 20938
20944 21083
20975 21823
21030 21031
21047 21048
21056 21057
21101 24768
21163 24419
21163 24420
21195 26940
21244 27996
21244 28154
21244 28155
21249 21250
21249 21251
21250 21251
21294 21295
21299 21300
21317 21318
21317 21319
21317 21320
21317 21321
21317 21322
21317 21323
21318 21319
21318 21320
21318 21321
21318 21322
21318 21323
21319 21320
21319 21321
21319 21322
21319 21323
21320 21321
21320 21322
21320 21323
21321 21322
21321 21323
21322 21323
21343 27800
21369 21370
21387 21544
21387 23225
21387 25749
21387 25750
21387 25751
21387 25752
21387 25753
21422 21423
21422 21424
21422 21425
21422 21426
21422 21427
21422 21428
21422 21429
21422 21430
21422 21431
21423 21424
21423 21425
21423 21426
21423 21427
21423 21428
21423 21429
21423 21430
21423 21431
21424 21425
21424 21426
21424 21427
21424 21428
21424 21429
21424 21430
21424 21431
21425 21426
21425 21427
21425 21428
21425 21429
21425 21430
21425 21431
21426 21427
21426 21428
21426 21429
21426 21430
21426 21431
21427 21428
21427 21429
21427 21430
21427 21431
21428 21429
21428 21430
21428 21431
21429 21430
21429 21431
21430 21431
21445 23567
21451 22376
21451 24523
21456 21457
21469 21470
21498 24599
21520 21521
21531 21532
21534 21535
21534 21536
21534 21537
21534 27945
21535 21536
21535 21537
21535 27945
21536 21537
21536 27945
21537 27945
21544 23225
21544 25749
21544 25750
21544 25751
21544 25752
21544 25753
21602 21603
21624 21625
21652 21653
21658 21659
21658 21660
21659 21660
21666 21667
21680 21681
21706 21707
21709 21710
21755 21756
21768 23795
21768 23796
21768 28813
21770 21771
21804 21805
21804 21807
21804 21808
21804 21809
21804 21810
21804 21811
21804 21812
21805 21807
21805 21808
21805 21809
21805 21810
21805 21811
21805 21812
21806 21807
21807 21808
21807 21809
21807 21810
21807 21811
21807 21812
21808 21809
21808 21810
21808 21811
21808 21812
21809 21810
21809 21811
21809 21812
21810 21811
21810 21812
21811 21812
21867 21868
21940 28232
21968 21969
21968 22836
21969 22836
21983 28534
22024 22025
22057 22058
22058 24366
22058 24367
22058 24368
22058 24849
22058 26276
22097 22098
22111 22112
22143 22144
22143 22145
22144 22145
22151 22152
22336 22337
22338 22339
22352 25013
22352 27763
22352 28270
22379 22380
22387 28953
22403 22404
22431 22432
22441 22442
22472 22473
22482 26454
22526 22527
22539 22540
22539 22541
22539 22542
22539 22543
22540 22541
22540 22542
22540 22543
22541 22542
22541 22543
22542 22543
22561 29123
22561 29145
22581 22582
22581 22583
22582 22583
22608 22609
22611 22612
22618 22619
22637 22638
22641 28161
22641 28162
22648 22649
22650 27058
22686 23048
22686 23049
22735 22736
22735 22737
22736 22737
22747 22748
22747 25597
22747 25598
22747 25599
22747 25600
22747 25601
22747 25602
22747 25603
22747 25604
22747 25605
22747 28236
22748 25597
22748 25598
22748 25599
22748 25600
22748 25601
22748 25602
22748 25603
22748 25604
22748 25605
22748 28236
22757 22758
22766 22767
22766 22768
22767 22768
22791 25966
22832 23716
22832 25935
22839 22840
22842 28020
22852 28829
22856 22857
22856 22858
22856 22859
22856 22860
22856 22861
22856 26461
22857 22858
22857 22859
22857 22860
22857 22861
22857 26461
22858 22859
22858 22860
22858 22861
22859 22860
22859 22861
22860 22861
22861 26461
22862 22863
22872 24861
22876 22877
22878 26927
22905 24962
22905 24963
22905 24964
22905 24965
22905 24966
22905 24967
22905 24968
22905 24969
22932 27313
23006 23007
23020 23021
23048 23049
23084 23085
23084 23086
23085 23086
23113 23114
23113 23116
23114 23116
23115 23116
23120 23121
23166 25328
23193 23194
23193 23195
23193 23196
23194 23195
23194 23196
23195 23196
23225 25749
23225 25750
23225 25751
23225 25752
23225 25753
23239 23240
23251 23252
23273 23274
23298 23299
23301 25561
23322 23323
23372 23373
23372 23374
23373 23374
23386 27070
23386 27071
23386 27072
23386 27073
23386 27074
23386 27075
23397 23398
23427 23428
23427 23429
23428 23429
23438 23439
23441 23442
23441 25307
23445 23446
23446 27384
23563 23564
23578 25911
23578 25912
23621 23622
23621 23623
23622 23623
23648 28127
23661 23662
23661 28855
23661 28856
23662 28855
23662 28856
23665 23666
23702 26902
23716 25935
23746 23747
23760 24818
23760 24819
23760 24820
23760 24821
23760 24822
23760 24823
23781 27343
23795 23796
23795 25836
23795 28813
23796 25836
23796 28813
23819 28870
23836 23837
23842 23843
23845 24654
23925 23926
23925 23927
23925 23928
23926 23927
23926 23928
23927 23928
23929 27400
23930 23931
23930 23932
23930 23933
23931 23932
23931 23933
23932 23933
23950 23951
23950 23952
23951 23952
23964 23965
23964 23966
23964 23967
23965 23966
23965 23967
23966 23967
24053 24054
24053 24055
24053 24056
24053 24057
24053 24058
24053 24059
24053 24060
24053 24061
24053 26974
24053 28682
24053 28683
24054 24055
24054 24056
24054 24057
24054 24058
24054 24059
24054 24060
24054 24061
24054 28682
24054 28683
24055 24056
24055 24057
24055 24058
24055 24059
24055 24060
24055 24061
24055 28682
24055 28683
24056 24057
24056 24058
24056 24059
24056 24060
24056 24061
24057 24058
24057 24059
24057 24060
24057 24061
24057 26972
24057 26973
24057 26974
24057 28682
24057 28683
24058 24059
24058 24060
24058 24061
24059 24060
24059 24061
24059 28682
24059 28683
24060 24061
24061 26972
24061 26973
24138 24139
24166 24167
24193 24194
24204 24930
24204 24931
24209 25990
24209 25991
24297 24298
24315 26505
24326 24327
24366 24367
24366 24368
24367 24368
24386 24387
24386 24388
24387 24388
24415 24416
24419 24420
24423 24424
24460 24461
24484 24485
24549 27435
24549 29093
24550 24551
24585 24586
24600 26183
24600 26184
24600 26185
24677 24766
24708 24709
24708 24710
24708 24711
24709 24710
24709 24711
24710 24711
24712 24713
24712 28524
24713 28524
24721 24722
24721 24744
24721 27891
24721 27892
24721 27893
24721 27894
24744 27891
24744 27892
24744 27893
24744 27894
24750 24751
24769 24770
24775 25088
24818 24819
24818 24820
24818 24821
24818 24822
24818 24823
24819 24820
24819 24821
24819 24822
24819 24823
24820 24821
24820 24822
24820 24823
24821 24822
24821 24823
24822 24823
24836 25420
24883 24884
24884 28122
24885 24886
24930 24931
24962 24963
24962 24964
24962 24965
24962 24966
24962 24967
24962 24968
24962 24969
24963 24964
24963 24965
24963 24966
24963 24967
24963 24968
24963 24969
24964 24965
24964 24966
24964 24967
24964 24968
24964 24969
24965 24966
24965 24967
24965 24968
24965 24969
24966 24967
24966 24968
24966 24969
24967 24968
24967 24969
24968 24969
24993 26497
25005 25006
25013 28270
25068 25069
25108 25271
25124 25125
25135 25136
25220 28014
25229 25230
25230 25511
25230 29204
25231 25232
25262 28333
25287 25288
25323 28135
25325 25326
25327 26836
25402 25403
25409 25410
25439 25440
25439 25441
25440 25441
25473 25474
25475 25476
25509 25510
25511 29204
25597 25598
25597 25599
25597 25600
25597 25601
25597 25602
25597 25603
25597 25604
25597 25605
25597 28236
25598 25599
25598 25600
25598 25601
25598 25602
25598 25603
25598 25604
25598 25605
25598 28236
25599 25600
25599 25601
25599 25602
25599 25603
25599 25604
25599 25605
25599 28236
25600 25601
25600 25602
25600 25603
25600 25604
25600 25605
25600 28236
25601 25602
25601 25603
25601 25604
25601 25605
25601 28236
25602 25603
25602 25604
25602 25605
25602 28236
25603 25604
25603 25605
25603 28236
25604 25605
25604 28236
25605 28236
25611 26787
25627 25628
25649 25650
25652 26348
25664 25665
25671 25672
25681 25682
25697 25698
25740 25741
25749 25750
25749 25751
25749 25752
25749 25753
25750 25751
25750 25752
25750 25753
25751 25752
25751 25753
25752 25753
25806 25807
25810 25811
25841 25842
25878 26255
25878 26256
25911 25912
25990 25991
26000 27499
26012 26013
26012 26014
26012 26015
26012 26016
26012 26017
26012 26018
26012 26019
26012 26020
26012 26021
26012 26022
26013 26014
26013 26015
26013 26016
26013 26017
26013 26018
26013 26019
26013 26020
26013 26021
26013 26022
26014 26015
26014 26016
26014 26017
26014 26018
26014 26019
26014 26020
26014 26021
26014 26022
26015 26016
26015 26017
26015 26018
26015 26019
26015 26020
26015 26021
26015 26022
26016 26017
26016 26018
26016 26019
26016 26020
26016 26021
26016 26022
26017 26018
26017 26019
26017 26020
26017 26021
26017 26022
26018 26019
26018 26020
26018 26021
26018 26022
26019 26020
26019 26021
26019 26022
26020 26021
26020 26022
26021 26022
26023 26024
26026 26027
26045 26323
26045 26456
26045 26457
26058 26059
26058 26060
26059 26060
26084 26085
26137 29108
26161 26162
26184 26185
26193 26194
26200 26201
26200 26202
26200 26203
26201 26202
26201 26203
26202 26203
26212 26213
26212 26214
26213 26214
26226 26227
26255 26256
26272 29052
26291 26292
26293 26294
26296 26297
26309 26310
26321 26323
26322 26323
26323 26456
26323 26457
26382 26383
26385 26386
26407 26408
26426 26427
26531 26532
26542 26543
26548 26549
26548 26550
26549 26550
26569 26570
26621 26622
26625 26626
26646 26647
26652 26653
26652 26654
26653 26654
26684 26685
26684 26686
26684 26687
26684 26688
26685 26686
26685 26687
26685 26688
26686 26687
26686 26688
26687 26688
26782 26783
26784 26785
26784 26786
26785 26786
26787 27046
26806 26807
26842 29190
26925 27872
26927 27609
26945 26946
26972 26973
26981 26982
26994 27468
27009 27010
27021 27382
27070 27071
27070 27072
27070 27073
27070 27074
27070 27075
27071 27072
27071 27073
27071 27074
27071 27075
27072 27073
27072 27074
27072 27075
27073 27074
27073 27075
27074 27075
27077 27078
27103 27306
27103 27307
27143 27144
27183 27184
27198 27199
27245 27246
27245 27247
27246 27247
27255 27256
27306 27307
27307 28352
27336 27337
27349 27350
27349 27351
27349 28271
27350 27351
27351 28271
27391 27392
27391 27393
27392 27393
27421 27422
27435 29093
27437 27438
27452 27453
27454 27580
27477 27478
27500 27501
27500 27502
27501 27502
27559 27560
27564 27565
27564 27566
27565 27566
27572 27573
27694 27992
27723 27724
27772 27773
27782 28661
27782 28662
27782 28663
27782 28664
27785 27786
27785 27787
27785 27788
27785 27789
27785 27790
27785 27791
27785 27792
27785 27793
27786 27787
27786 27788
27786 27789
27786 27790
27786 27791
27786 27792
27786 27793
27787 27788
27787 27789
27787 27790
27787 27791
27787 27792
27787 27793
27788 27789
27788 27790
27788 27791
27788 27792
27788 27793
27789 27790
27789 27791
27789 27792
27789 27793
27790 27791
27790 27792
27790 27793
27791 27792
27791 27793
27792 27793
27803 27804
27864 27865
27891 27892
27891 27893
27891 27894
27892 27893
27892 27894
27893 27894
27948 29025
27955 27956
27993 27994
27993 28863
27996 28154
28017 28018
28017 28019
28018 28019
28042 28043
28042 28044
28043 28044
28051 28052
28058 28291
28058 28292
28081 28082
28096 28097
28102 28103
28102 29021
28102 29022
28120 28121
28161 28162
28164 28707
28166 28167
28179 28248
28224 28225
28291 28292
28384 28385
28384 28386
28384 28387
28385 28386
28385 28387
28386 28387
28396 28397
28399 28400
28431 28432
28450 28451
28475 28476
28482 28483
28485 28486
28516 28517
28516 28518
28517 28518
28542 28543
28542 28947
28542 28948
28542 29254
28542 29255
28548 28549
28595 28596
28599 28600
28599 28601
28600 28601
28606 28607
28640 28641
28659 28660
28661 28662
28661 28663
28661 28664
28662 28663
28662 28664
28663 28664
28669 28865
28682 28683
28688 29101
28696 29324
28696 29325
28735 28736
28758 28759
28758 28760
28759 28760
28835 28836
28855 28856
28861 28862
28947 28948
28948 29253
28948 29254
28948 29255
28948 29333
28951 28952
29021 29022
29030 29031
29091 29092
29112 29113
29253 29255
29254 29255
29263 29264
29263 29265
29263 29266
29263 29267
29264 29265
29264 29266
29264 29267
29265 29266
29265 29267
29266 29267
29271 29272
29293 29294
29324 29325
